Tour1 Entrando: 7 200 72 189 91 102 193 101 117 196 178 167 186 67 4 47 163 11 128 145 14 200 23 27 48 61 194 92 111 113 31 105 22 177 156 39 173 9 16 86 195 54 200 85 152 17 5 73 185 45 28 37 87 110 131 63 60 171 35 6 57 64 104 200 44 99 153 160 1 49 179 89 144 19 184 198 55 97 137 197 20 136 109 134 200 52 182 180 76 29 84 95 142 8 146 32 69 129 3 50 175 79 88 108 154 200 75 121 24 126 170 114 107 149 147 133 130 164 169 68 106 159 56 116 46 124 200 191 151 36 138 192 41 123 74 166 94 43 157 59 162 158 81 165 172 176 119 200 78 30 83 120 70 51 161 58 135 10 66 42 122 188 26 93 199 96 190 127 200 187 90 181 140 65 174 33 71 82 98 40 183 112 125 13 141 34 118 132 53 200 168 155 12 103 21 115 38 148 62 77 139 100 18 25 15 143 80 150 2 
Fitness: -2.30686
Distance: 6977.83
Charges: 319 365 305 373 287 312 286 305 315 319
Size:209

Tour2 Entrando: 82 200 129 155 134 69 44 97 132 48 128 167 178 117 95 159 163 119 28 2 30 200 96 4 3 88 124 26 168 64 135 137 187 104 147 172 125 49 173 14 5 160 200 27 80 130 118 65 111 19 138 52 24 109 189 143 60 17 149 61 93 31 99 200 50 20 110 148 162 136 77 120 84 192 11 199 37 116 47 6 122 85 72 39 200 13 188 103 34 46 78 102 8 115 146 185 40 56 45 140 43 161 139 112 106 200 156 191 170 7 57 18 22 83 153 164 70 100 41 152 68 166 123 169 181 131 200 190 75 198 33 32 126 12 53 63 114 92 36 59 16 175 94 9 194 29 90 200 58 89 38 21 196 23 54 171 180 151 174 10 144 158 86 107 127 25 176 1 200 177 197 142 79 62 108 73 35 145 182 51 183 113 67 186 101 91 42 184 154 200 133 15 105 81 193 157 165 150 66 74 76 55 98 121 179 141 71 195 87 
Fitness: -2.45975
Distance: 6625.34
Charges: 282 311 316 364 328 360 279 301 337 308
Size:209
 
